BEGIN DSCR(RLGC)
! C[i][j]/eps0  L[i][j]/mu0  Rdc[i][j]  Rhf[i][j]/sqrt(f_GHz) G[i][j]/omega*eps0
% C(real)  L(real)  Rdc(real)  Rhf(real) G(real)
9.38295479545 0.328993021716 1.17237075584 24.7064231909 0.149655614184
-2.32180541696 0.121311792266 0 2.76972719448 -0.0270332506236
-0.0998113050155 0.0384534110632 0 1.41130860948 -0.000180498763927
-0.0376003361677 0.021815607734 0 0.913586132661 -3.26131682394e-05
-0.0201137677269 0.010745255258 0 0.495267964169 -2.70079508696e-05
-0.0129809919352 0.0074800648713 0 0.354861800155 -2.14935874723e-05
-0.00874351356232 0.00466765761846 0 0.225456180837 -2.13645677911e-05
-0.00634603490047 0.0036261479639 0 0.176164568987 -2.29523160576e-05
-0.00459192786471 0.00257377048023 0 0.125219978566 -2.71213673619e-05
-0.00339701518091 0.00212691521208 0 0.103582660933 -3.28603382185e-05
-0.00288572833541 0.00162852924282 0 0.0791936351401 -2.42639107811e-05
-0.00224266987709 0.00139827539303 0 0.0680053785971 -2.69058068322e-05
-0.00175610508988 0.001124877737 0 0.0546159629229 -2.84030647361e-05
-0.00144081835492 0.00099183152237 0 0.0481540452632 -2.7840796961e-05
-0.00124232518069 0.000828779446684 0 0.0401447650565 -2.4721211063e-05
-0.00131689995207 0.000749335027652 0 0.0362008679881 -2.22719121953e-05
-2.32180541696 0.121311792266 0 2.76972719448 -0.0270332506236
9.57141132263 0.326160054367 1.17237075584 25.2343180251 0.150570491349
-1.11435938887 0.0756788270183 0 2.17039627251 -0.0116076083333
-0.0941857735963 0.0380446064643 0 1.39447147098 -0.000212400834623
-0.0323617544675 0.0162927424066 0 0.712484244292 -2.12062674158e-05
-0.0181499605346 0.0106312320538 0 0.490189461427 -1.46329212312e-05
-0.0112267697328 0.00615768161568 0 0.294425290932 -1.32380822649e-05
-0.00777971615762 0.00462056447954 0 0.223439306883 -1.35259423263e-05
-0.00548366816921 0.00314734498499 0 0.153034193594 -1.64873643659e-05
-0.00407440500267 0.0025493524019 0 0.124240903357 -1.99257574733e-05
-0.00282187908041 0.00190402638972 0 0.0927375897309 -2.98138068153e-05
-0.00252024287201 0.00161421973344 0 0.0786606469532 -1.96816931814e-05
-0.00193105935274 0.00127746283189 0 0.0621600666788 -2.21764602121e-05
-0.00152305772347 0.00111662897625 0 0.0543401785418 -2.4244736256e-05
-0.00124264272738 0.00092233528641 0 0.0447875568438 -2.41124124534e-05
-0.00124232518069 0.000828779446684 0 0.0401447650566 -2.4721211063e-05
-0.0998113050155 0.0384534110632 0 1.41130860948 -0.000180498763927
-1.11435938887 0.0756788270183 0 2.17039627251 -0.0116076083333
9.57309964699 0.325539660571 1.17237075584 25.4032310939 0.150556596107
-2.30492686972 0.119792103767 0 2.71475701062 -0.0270861227042
-0.093831893413 0.0379121172471 0 1.38769323975 -0.000215956573149
-0.0342067167983 0.0214965654659 0 0.898982604088 -1.16463267993e-05
-0.0179961521667 0.0105838318899 0 0.487772420801 -1.29627583351e-05
-0.0115049010947 0.00736730870966 0 0.349668269307 -1.08073176432e-05
-0.00769850203684 0.00459783626223 0 0.222335123451 -1.24398953858e-05
-0.00556899271905 0.00357249865236 0 0.17381618712 -1.48127147659e-05
-0.00402255096258 0.00253670279201 0 0.123659756535 -1.92521055333e-05
-0.00290794903852 0.00209707784585 0 0.102357847627 -2.68265131332e-05
-0.00248896776275 0.00160730725005 0 0.0783653593878 -1.92573989588e-05
-0.00193009576093 0.00138173899738 0 0.067386104966 -2.2104040306e-05
-0.00152305772347 0.00111662897625 0 0.0543401785417 -2.4244736256e-05
-0.00144081835492 0.00099183152237 0 0.0481540452632 -2.7840796961e-05
-0.0376003361677 0.021815607734 0 0.913586132661 -3.26131682394e-05
-0.0941857735963 0.0380446064643 0 1.39447147098 -0.000212400834623
-2.30492686972 0.119792103767 0 2.71475701062 -0.0270861227042
9.57332308835 0.325472119526 1.17237075584 25.4200054327 0.150554047304
-1.11361563424 0.0754242044014 0 2.15762239588 -0.011615202971
-0.0937533287091 0.0378912805711 0 1.3865218983 -0.000216894801295
-0.0320882243329 0.016212918488 0 0.708329369615 -1.82467714751e-05
-0.0179579013308 0.0105746557704 0 0.487274155109 -1.24537936553e-05
-0.0110905527819 0.00612205529702 0 0.292640698342 -1.15277605344e-05
-0.00767914524897 0.0045930235501 0 0.222085082214 -1.2071301717e-05
-0.00540894061394 0.00312833700422 0 0.152130657454 -1.52667147876e-05
-0.00401015047193 0.0025342386735 0 0.123537877475 -1.90998648871e-05
-0.00277362651247 0.00189394983295 0 0.0922899015285 -2.9214467531e-05
-0.00248896776275 0.00160730725005 0 0.0783653593878 -1.92573989588e-05
-0.00193105935274 0.00127746283189 0 0.0621600666788 -2.21764602121e-05
-0.00175610508988 0.001124877737 0 0.0546159629229 -2.84030647361e-05
-0.0201137677269 0.010745255258 0 0.495267964169 -2.70079508696e-05
-0.0323617544675 0.0162927424066 0 0.712484244292 -2.12062674158e-05
-0.093831893413 0.0379121172471 0 1.38769323975 -0.000215956573149
-1.11361563424 0.0754242044014 0 2.15762239588 -0.011615202971
9.57339840018 0.32544073905 1.17237075584 25.4289574331 0.150553184886
-2.30475196574 0.119731040616 0 2.71129087333 -0.0270881472488
-0.0937212206578 0.0378793835009 0 1.38583931462 -0.000217284182902
-0.0341292424258 0.0214730900375 0 0.897666221673 -1.06847252504e-05
-0.0179418850118 0.010568968636 0 0.486958926828 -1.22260979832e-05
-0.0114659589685 0.0073559120448 0 0.349053676342 -1.01970090383e-05
-0.00767075679047 0.00459033121799 0 0.221941229132 -1.19622137984e-05
-0.00554698422919 0.00356696947734 0 0.173530938971 -1.45278006623e-05
-0.00401015047193 0.0025342386735 0 0.123537877475 -1.90998648871e-05
-0.00290794903852 0.00209707784585 0 0.102357847627 -2.68265131332e-05
-0.00252024287201 0.00161421973344 0 0.0786606469532 -1.96816931814e-05
-0.00224266987709 0.00139827539303 0 0.0680053785971 -2.69058068322e-05
-0.0129809919352 0.0074800648713 0 0.354861800155 -2.14935874723e-05
-0.0181499605346 0.0106312320538 0 0.490189461427 -1.46329212312e-05
-0.0342067167983 0.0214965654659 0 0.898982604088 -1.16463267993e-05
-0.0937533287091 0.0378912805711 0 1.3865218983 -0.000216894801295
-2.30475196574 0.119731040616 0 2.71129087333 -0.0270881472488
9.5734252891 0.325434001776 1.17237075584 25.4306038961 0.150552845913
-1.11355144937 0.0754035649735 0 2.1564309793 -0.0116159854924
-0.0937088531836 0.0378764685135 0 1.38567423647 -0.000217449065787
-0.032057841491 0.016203650292 0 0.707809916737 -1.78343181909e-05
-0.017937219231 0.0105676970728 0 0.486888818043 -1.21223720074e-05
-0.0110773566264 0.00611783800847 0 0.292412381105 -1.12880984891e-05
-0.00767075679047 0.00459033121799 0 0.221941229132 -1.19622137984e-05
-0.00540894061394 0.00312833700422 0 0.152130657454 -1.52667147876e-05
-0.00402255096258 0.00253670279201 0 0.123659756535 -1.92521055333e-05
-0.00282187908041 0.00190402638972 0 0.0927375897309 -2.98138068153e-05
-0.00288572833541 0.00162852924282 0 0.07919363514 -2.42639107811e-05
-0.00874351356232 0.00466765761846 0 0.225456180837 -2.13645677911e-05
-0.0112267697328 0.00615768161568 0 0.294425290932 -1.32380822649e-05
-0.0179961521667 0.0105838318899 0 0.487772420801 -1.29627583351e-05
-0.0320882243329 0.016212918488 0 0.708329369615 -1.82467714751e-05
-0.0937212206578 0.0378793835009 0 1.38583931462 -0.000217284182902
-1.11355144937 0.0754035649735 0 2.1564309793 -0.0116159854924
9.57343801547 0.325429562558 1.17237075584 25.4318310555 0.15055268168
-2.30472507818 0.119723126796 0 2.71083641606 -0.0270884873194
-0.0937037905987 0.0378747151765 0 1.38557523365 -0.000217522004584
-0.034118732128 0.0214698769425 0 0.897485838187 -1.05077680475e-05
-0.017937219231 0.0105676970728 0 0.486888818043 -1.21223720074e-05
-0.0114659589685 0.0073559120448 0 0.349053676342 -1.01970090383e-05
-0.00767914524897 0.0045930235501 0 0.222085082214 -1.2071301717e-05
-0.00556899271905 0.00357249865236 0 0.17381618712 -1.48127147659e-05
-0.00407440500267 0.0025493524019 0 0.124240903357 -1.99257574733e-05
-0.00339701518091 0.00212691521208 0 0.103582660933 -3.28603382185e-05
-0.00634603490047 0.0036261479639 0 0.176164568987 -2.29523160576e-05
-0.00777971615762 0.00462056447954 0 0.223439306883 -1.35259423263e-05
-0.0115049010947 0.00736730870966 0 0.349668269307 -1.08073176432e-05
-0.0179579013308 0.0105746557704 0 0.487274155109 -1.24537936553e-05
-0.0341292424258 0.0214730900375 0 0.897666221673 -1.06847252504e-05
-0.0937088531836 0.0378764685135 0 1.38567423647 -0.000217449065787
-2.30472507818 0.119723126796 0 2.71083641606 -0.0270884873194
9.57344286636 0.325428526865 1.17237075584 25.4320788889 0.15055262557
-1.11354087958 0.0754006095378 0 2.15626352064 -0.0116161154507
-0.0937037905987 0.0378747151765 0 1.38557523365 -0.000217522004584
-0.032057841491 0.016203650292 0 0.707809916736 -1.78343181909e-05
-0.0179418850118 0.010568968636 0 0.486958926828 -1.22260979832e-05
-0.0110905527819 0.00612205529702 0 0.292640698342 -1.15277605344e-05
-0.00769850203684 0.00459783626223 0 0.222335123451 -1.24398953858e-05
-0.00548366816921 0.00314734498499 0 0.153034193594 -1.64873643659e-05
-0.00459192786471 0.00257377048023 0 0.125219978566 -2.71213673619e-05
-0.00459192786471 0.00257377048023 0 0.125219978566 -2.71213673619e-05
-0.00548366816921 0.00314734498499 0 0.153034193594 -1.64873643659e-05
-0.00769850203684 0.00459783626223 0 0.222335123451 -1.24398953858e-05
-0.0110905527819 0.00612205529702 0 0.292640698342 -1.15277605344e-05
-0.0179418850118 0.010568968636 0 0.486958926828 -1.22260979832e-05
-0.032057841491 0.016203650292 0 0.707809916737 -1.78343181909e-05
-0.0937037905987 0.0378747151765 0 1.38557523365 -0.000217522004584
-1.11354087958 0.0754006095378 0 2.15626352064 -0.0116161154507
9.57344286636 0.325428526865 1.17237075584 25.4320788889 0.15055262557
-2.30472507818 0.119723126796 0 2.71083641606 -0.0270884873194
-0.0937088531836 0.0378764685135 0 1.38567423647 -0.000217449065787
-0.0341292424258 0.0214730900375 0 0.897666221673 -1.06847252504e-05
-0.0179579013308 0.0105746557704 0 0.487274155109 -1.24537936553e-05
-0.0115049010947 0.00736730870966 0 0.349668269307 -1.08073176432e-05
-0.00777971615762 0.00462056447954 0 0.223439306883 -1.35259423263e-05
-0.00634603490047 0.0036261479639 0 0.176164568987 -2.29523160576e-05
-0.00339701518091 0.00212691521208 0 0.103582660933 -3.28603382185e-05
-0.00407440500267 0.0025493524019 0 0.124240903357 -1.99257574733e-05
-0.00556899271905 0.00357249865236 0 0.17381618712 -1.48127147659e-05
-0.00767914524897 0.0045930235501 0 0.222085082214 -1.2071301717e-05
-0.0114659589685 0.0073559120448 0 0.349053676342 -1.01970090383e-05
-0.017937219231 0.0105676970728 0 0.486888818043 -1.21223720074e-05
-0.034118732128 0.0214698769425 0 0.897485838187 -1.05077680475e-05
-0.0937037905987 0.0378747151765 0 1.38557523365 -0.000217522004584
-2.30472507818 0.119723126796 0 2.71083641606 -0.0270884873194
9.57343801547 0.325429562558 1.17237075584 25.4318310555 0.15055268168
-1.11355144937 0.0754035649735 0 2.1564309793 -0.0116159854924
-0.0937212206578 0.0378793835009 0 1.38583931462 -0.000217284182902
-0.0320882243329 0.016212918488 0 0.708329369615 -1.82467714751e-05
-0.0179961521667 0.0105838318899 0 0.487772420801 -1.29627583351e-05
-0.0112267697328 0.00615768161568 0 0.294425290932 -1.32380822649e-05
-0.00874351356232 0.00466765761846 0 0.225456180837 -2.13645677911e-05
-0.00288572833541 0.00162852924282 0 0.0791936351401 -2.42639107811e-05
-0.00282187908041 0.00190402638972 0 0.0927375897309 -2.98138068153e-05
-0.00402255096258 0.00253670279201 0 0.123659756535 -1.92521055333e-05
-0.00540894061394 0.00312833700422 0 0.152130657454 -1.52667147876e-05
-0.00767075679047 0.00459033121799 0 0.221941229132 -1.19622137984e-05
-0.0110773566264 0.00611783800847 0 0.292412381105 -1.12880984891e-05
-0.017937219231 0.0105676970728 0 0.486888818043 -1.21223720074e-05
-0.032057841491 0.016203650292 0 0.707809916736 -1.78343181909e-05
-0.0937088531836 0.0378764685135 0 1.38567423647 -0.000217449065787
-1.11355144937 0.0754035649735 0 2.1564309793 -0.0116159854924
9.5734252891 0.325434001776 1.17237075584 25.4306038961 0.150552845913
-2.30475196574 0.119731040616 0 2.71129087333 -0.0270881472488
-0.0937533287091 0.0378912805711 0 1.3865218983 -0.000216894801295
-0.0342067167983 0.0214965654659 0 0.898982604088 -1.16463267993e-05
-0.0181499605346 0.0106312320538 0 0.490189461427 -1.46329212312e-05
-0.0129809919352 0.0074800648713 0 0.354861800155 -2.14935874723e-05
-0.00224266987709 0.00139827539303 0 0.0680053785971 -2.69058068322e-05
-0.00252024287201 0.00161421973344 0 0.0786606469532 -1.96816931814e-05
-0.00290794903852 0.00209707784585 0 0.102357847627 -2.68265131332e-05
-0.00401015047193 0.0025342386735 0 0.123537877475 -1.90998648871e-05
-0.00554698422919 0.00356696947734 0 0.173530938971 -1.45278006623e-05
-0.00767075679047 0.00459033121799 0 0.221941229132 -1.19622137984e-05
-0.0114659589685 0.0073559120448 0 0.349053676342 -1.01970090383e-05
-0.0179418850118 0.010568968636 0 0.486958926828 -1.22260979832e-05
-0.0341292424258 0.0214730900375 0 0.897666221673 -1.06847252504e-05
-0.0937212206578 0.0378793835009 0 1.38583931462 -0.000217284182902
-2.30475196574 0.119731040616 0 2.71129087333 -0.0270881472488
9.57339840018 0.32544073905 1.17237075584 25.4289574331 0.150553184886
-1.11361563424 0.0754242044014 0 2.15762239588 -0.011615202971
-0.093831893413 0.0379121172471 0 1.38769323975 -0.000215956573149
-0.0323617544675 0.0162927424066 0 0.712484244292 -2.12062674158e-05
-0.0201137677269 0.010745255258 0 0.495267964168 -2.70079508696e-05
-0.00175610508988 0.001124877737 0 0.0546159629229 -2.84030647361e-05
-0.00193105935274 0.00127746283189 0 0.0621600666788 -2.21764602121e-05
-0.00248896776275 0.00160730725005 0 0.0783653593878 -1.92573989588e-05
-0.00277362651247 0.00189394983295 0 0.0922899015285 -2.9214467531e-05
-0.00401015047193 0.0025342386735 0 0.123537877475 -1.90998648871e-05
-0.00540894061394 0.00312833700422 0 0.152130657454 -1.52667147876e-05
-0.00767914524897 0.0045930235501 0 0.222085082214 -1.2071301717e-05
-0.0110905527819 0.00612205529702 0 0.292640698342 -1.15277605344e-05
-0.0179579013308 0.0105746557704 0 0.487274155109 -1.24537936553e-05
-0.0320882243329 0.016212918488 0 0.708329369615 -1.82467714751e-05
-0.0937533287091 0.0378912805711 0 1.3865218983 -0.000216894801295
-1.11361563424 0.0754242044014 0 2.15762239588 -0.011615202971
9.57332308835 0.325472119526 1.17237075584 25.4200054327 0.150554047304
-2.30492686972 0.119792103767 0 2.71475701062 -0.0270861227042
-0.0941857735963 0.0380446064643 0 1.39447147098 -0.000212400834623
-0.0376003361677 0.021815607734 0 0.913586132661 -3.26131682394e-05
-0.00144081835492 0.00099183152237 0 0.0481540452632 -2.7840796961e-05
-0.00152305772347 0.00111662897625 0 0.0543401785418 -2.4244736256e-05
-0.00193009576093 0.00138173899738 0 0.067386104966 -2.2104040306e-05
-0.00248896776275 0.00160730725005 0 0.0783653593878 -1.92573989588e-05
-0.00290794903852 0.00209707784585 0 0.102357847627 -2.68265131332e-05
-0.00402255096258 0.00253670279201 0 0.123659756535 -1.92521055333e-05
-0.00556899271905 0.00357249865236 0 0.17381618712 -1.48127147659e-05
-0.00769850203684 0.00459783626223 0 0.222335123451 -1.24398953858e-05
-0.0115049010947 0.00736730870966 0 0.349668269307 -1.08073176432e-05
-0.0179961521667 0.0105838318899 0 0.487772420801 -1.29627583351e-05
-0.0342067167983 0.0214965654659 0 0.898982604088 -1.16463267993e-05
-0.093831893413 0.0379121172471 0 1.38769323975 -0.000215956573149
-2.30492686972 0.119792103767 0 2.71475701062 -0.0270861227042
9.57309964699 0.325539660571 1.17237075584 25.4032310939 0.150556596107
-1.11435938887 0.0756788270183 0 2.17039627251 -0.0116076083333
-0.0998113050155 0.0384534110632 0 1.41130860948 -0.000180498763927
-0.00124232518069 0.000828779446684 0 0.0401447650565 -2.4721211063e-05
-0.00124264272738 0.00092233528641 0 0.0447875568438 -2.41124124534e-05
-0.00152305772347 0.00111662897625 0 0.0543401785417 -2.4244736256e-05
-0.00193105935274 0.00127746283189 0 0.0621600666788 -2.21764602121e-05
-0.00252024287201 0.00161421973344 0 0.0786606469532 -1.96816931814e-05
-0.00282187908041 0.00190402638972 0 0.0927375897309 -2.98138068153e-05
-0.00407440500267 0.0025493524019 0 0.124240903357 -1.99257574733e-05
-0.00548366816921 0.00314734498499 0 0.153034193594 -1.64873643659e-05
-0.00777971615762 0.00462056447954 0 0.223439306883 -1.35259423263e-05
-0.0112267697328 0.00615768161568 0 0.294425290932 -1.32380822649e-05
-0.0181499605346 0.0106312320538 0 0.490189461427 -1.46329212312e-05
-0.0323617544675 0.0162927424066 0 0.712484244292 -2.12062674158e-05
-0.0941857735963 0.0380446064643 0 1.39447147098 -0.000212400834623
-1.11435938887 0.0756788270183 0 2.17039627251 -0.0116076083333
9.57141132263 0.326160054367 1.17237075584 25.234318025 0.150570491349
-2.32180541696 0.121311792266 0 2.76972719448 -0.0270332506236
-0.00131689995207 0.000749335027652 0 0.0362008679881 -2.22719121953e-05
-0.00124232518069 0.000828779446684 0 0.0401447650566 -2.4721211063e-05
-0.00144081835492 0.00099183152237 0 0.0481540452632 -2.7840796961e-05
-0.00175610508988 0.001124877737 0 0.0546159629229 -2.84030647361e-05
-0.00224266987709 0.00139827539303 0 0.0680053785971 -2.69058068322e-05
-0.00288572833541 0.00162852924282 0 0.07919363514 -2.42639107811e-05
-0.00339701518091 0.00212691521208 0 0.103582660933 -3.28603382185e-05
-0.00459192786471 0.00257377048023 0 0.125219978566 -2.71213673619e-05
-0.00634603490047 0.0036261479639 0 0.176164568987 -2.29523160576e-05
-0.00874351356232 0.00466765761846 0 0.225456180837 -2.13645677911e-05
-0.0129809919352 0.0074800648713 0 0.354861800155 -2.14935874723e-05
-0.0201137677269 0.010745255258 0 0.495267964168 -2.70079508696e-05
-0.0376003361677 0.021815607734 0 0.913586132661 -3.26131682394e-05
-0.0998113050155 0.0384534110632 0 1.41130860948 -0.000180498763927
-2.32180541696 0.121311792266 0 2.76972719448 -0.0270332506236
9.38295479545 0.328993021716 1.17237075584 24.7064231909 0.149655614184
! dL[i][j]/dn/mu0 
% dL/dn (ground)
412.90685484
335.715291641
171.063013849
110.734672922
60.0308324092
43.0123706654
27.3272716723
21.352694869
15.1777625274
12.555129362
9.5989649703
8.24284989307
6.61993497317
5.83669372977
4.86589853891
4.38786353345
335.715291641
404.433848807
263.071113665
169.022204604
86.3593556573
59.4152732189
35.6869342975
27.0828088136
18.5490899738
15.0590900025
11.2406113658
9.53436211521
7.53434668767
6.58650748106
5.42864573004
4.86589853891
171.063013849
263.071113665
401.235813175
329.052421974
168.200623375
108.964596843
59.1223066408
42.3828690571
26.9489720721
21.0680503362
14.9886498974
12.4066712189
9.49857066566
8.16778848338
6.58650748106
5.83669372977
110.734672922
169.022204604
329.052421974
400.79015061
261.52280749
168.058646492
85.8557483104
59.0619124573
35.4706259827
26.9186648754
18.4395734484
14.9738770836
11.1863476189
9.49857066566
7.53434668767
6.61993497318
60.0308324092
86.3593556573
168.200623375
261.52280749
400.570052331
328.632295656
167.975911347
108.805039718
59.0237040177
42.3083749854
26.9012286169
21.0334757521
14.9738770836
12.4066712188
9.53436211521
8.24284989307
43.0123706654
59.4152732189
108.964596843
168.058646492
328.632295656
400.522767203
261.378397325
167.955902423
85.7927860537
59.0152062165
35.442951926
26.9012286169
18.4395734484
14.9886498974
11.2406113658
9.5989649703
27.3272716723
35.6869342975
59.1223066408
85.8557483104
167.975911347
261.378397325
400.491832175
328.577211438
167.94390241
108.783175654
59.0152062165
42.3083749854
26.9186648754
21.0680503362
15.0590900025
12.555129362
21.352694869
27.0828088136
42.3828690571
59.0619124573
108.805039718
167.955902423
328.577211438
400.48476467
261.358099861
167.94390241
85.7927860537
59.0237040177
35.4706259827
26.9489720721
18.5490899738
15.1777625274
15.1777625274
18.5490899738
26.9489720721
35.4706259827
59.0237040177
85.7927860537
167.94390241
261.358099861
400.48476467
328.577211438
167.955902423
108.805039718
59.0619124573
42.3828690571
27.0828088136
21.352694869
12.555129362
15.0590900025
21.0680503362
26.9186648754
42.3083749854
59.0152062165
108.783175654
167.94390241
328.577211438
400.491832175
261.378397325
167.975911347
85.8557483104
59.1223066408
35.6869342975
27.3272716723
9.5989649703
11.2406113658
14.9886498974
18.4395734484
26.9012286169
35.442951926
59.0152062165
85.7927860537
167.955902423
261.378397325
400.522767203
328.632295656
168.058646492
108.964596843
59.4152732189
43.0123706654
8.24284989307
9.53436211521
12.4066712189
14.9738770836
21.0334757521
26.9012286169
42.3083749854
59.0237040177
108.805039718
167.975911347
328.632295656
400.570052331
261.52280749
168.200623375
86.3593556573
60.0308324092
6.61993497317
7.53434668767
9.49857066566
11.1863476189
14.9738770836
18.4395734484
26.9186648754
35.4706259827
59.0619124573
85.8557483104
168.058646492
261.52280749
400.790150611
329.052421974
169.022204604
110.734672922
5.83669372977
6.58650748106
8.16778848338
9.49857066566
12.4066712188
14.9886498974
21.0680503362
26.9489720721
42.3828690571
59.1223066408
108.964596843
168.200623375
329.052421974
401.235813175
263.071113665
171.063013849
4.86589853891
5.42864573004
6.58650748106
7.53434668767
9.53436211521
11.2406113658
15.0590900025
18.5490899738
27.0828088136
35.6869342975
59.4152732189
86.3593556573
169.022204604
263.071113665
404.433848806
335.71529164
4.38786353345
4.86589853891
5.83669372977
6.61993497318
8.24284989307
9.5989649703
12.555129362
15.1777625274
21.352694869
27.3272716723
43.0123706654
60.0308324092
110.734672922
171.063013849
335.71529164
412.90685484
% dL/dn (line)
2581.72889248
2654.18739447
2677.85917939
2680.33803932
2681.64319877
2681.8900497
2682.06972723
2682.10683432
2682.10683432
2682.06972723
2681.8900497
2681.64319877
2680.33803932
2677.85917939
2654.18739447
2581.72889248
END
